[
 {
  "measured_cond": 207.58130494586274,
  "target_cond": 100.0,
  "true_dot_fraction": "415934851676028931074233433880815714759179627397/1461501637330902918203684832716283019655932542976",
  "x": [
   1.147251639532295,
   1.443577940627921,
   1.9185143480084101,
   1.782315367182747,
   1.567765514129705,
   1.2336658598298955,
   1.9935795711168138,
   1.7184250197889643,
   1.327413751337688,
   1.4762533460730167,
   1.3876350269402387,
   1.0350241471716792,
   1.0787976104929302,
   1.8783949539989403e-17,
   -8.628166150854817e-34
  ],
  "y": [
   -1.046187964393551,
   1.7782642950554397,
   -1.6349665039156869,
   1.0989973687044396,
   -1.2397837161223555,
   1.5854734425263377,
   -1.8213952687649084,
   1.370485032668662,
   -1.9998005854051495,
   1.9887347942090985,
   -1.4849102878331344,
   1.9901829073534225,
   1.0,
   1.0,
   1.0
  ]
 },
 {
  "measured_cond": 2195271.408459868,
  "target_cond": 1000000.0,
  "true_dot_fraction": "9746818550015496927036079190343125853384137/365375409332725729550921208179070754913983135744",
  "x": [
   1.7012399496110333,
   1.6657877918056228,
   1.492019997507489,
   1.7131328092861946,
   1.79210676779654,
   1.2145998497141368,
   1.4243162671040182,
   1.1662192479923785,
   1.9719386096154454,
   1.7609361425375336,
   1.1306995167186482,
   1.338249871353736,
   2.6045471830468685,
   2.1279996680431085e-16,
   4.9657314869465404e-33
  ],
  "y": [
   -1.8931544108858138,
   1.1704139648363157,
   -1.1239416108245892,
   1.4173593376867444,
   -1.196714417115367,
   1.837104035279154,
   -1.7025012818270917,
   1.3282468232568698,
   -1.502731434541273,
   1.2051083227606552,
   -1.9544187421945196,
   1.31182477086161,
   1.0,
   1.0,
   1.0
  ]
 },
 {
  "measured_cond": 20259409194.964996,
  "target_cond": 10000000000.0,
  "true_dot_fraction": "3915982073850769486304675372356407177281/1461501637330902918203684832716283019655932542976",
  "x": [
   1.730098103525779,
   1.3625284295996987,
   1.8426145264544092,
   1.5557959294768688,
   1.2437699971724099,
   1.0727198806405394,
   1.1240740098602957,
   1.99688475416592,
   1.3803441234256284,
   1.4984715036296374,
   1.5859255604486977,
   1.6700835518318367,
   0.34753356798497437,
   -1.7233590877421708e-17,
   -7.248948762652403e-34
  ],
  "y": [
   -1.6523398536424585,
   1.6804474790152888,
   -1.5431374614729372,
   1.6323228696395216,
   -1.6244130253621427,
   1.904623779660389,
   -1.0168348601565174,
   1.3950369131829634,
   -1.2521702575379214,
   1.1999204792717233,
   -1.8771044202800902,
   1.058168867656631,
   1.0,
   1.0,
   1.0
  ]
 },
 {
  "measured_cond": 200567992727026.6,
  "target_cond": 100000000000000.0,
  "true_dot_fraction": "6700539156218937167200555782109020535/23384026197294446691258957323460528314494920687616",
  "x": [
   1.0060115276754105,
   1.9015632706633747,
   1.9480805625625726,
   1.6624668995367493,
   1.2034167538493894,
   1.4044921941898982,
   1.9057344178083793,
   1.6542563397051202,
   1.7243626814233664,
   1.376131175721679,
   1.6657217375259008,
   1.977205944880273,
   -0.08137729310980468,
   -4.3508707918647994e-18,
   -3.7341945535782864e-34
  ],
  "y": [
   -1.6592292082676707,
   1.506615375679468,
   -1.3123366297443027,
   1.990194895144361,
   -1.3850140031063294,
   1.5958947766664604,
   -1.8635110953167122,
   1.2667171717139851,
   -1.413719331905296,
   1.346121894534904,
   -1.443740955710398,
   1.0140399162317957,
   1.0,
   1.0,
   1.0
  ]
 },
 {
  "measured_cond": 2.0138345505382124e+16,
  "target_cond": 1e+16,
  "true_dot_fraction": "63009871982603012768456800851113885/23384026197294446691258957323460528314494920687616",
  "x": [
   1.9262238226765824,
   1.1791063567035065,
   1.2062651773138144,
   1.929022055272869,
   1.7887448153635754,
   1.2052150773900328,
   1.5318866130177116,
   1.798353295532138,
   1.0610209100500456,
   1.6014561070460778,
   1.184458049541974,
   1.13370908970172,
   0.1863907547389064,
   -4.556489479019411e-18,
   3.268972601373053e-34
  ],
  "y": [
   -1.2903908684898584,
   1.6897732350453225,
   -1.9536502499591029,
   1.0936859558181093,
   -1.5634683532415083,
   1.1668631584765135,
   -1.9403024842476402,
   1.9314349008090779,
   -1.377378917632811,
   1.4308832690385325,
   -1.2608646754381745,
   1.8578511771020612,
   1.0,
   1.0,
   1.0
  ]
 }
]
